%YAML:1.0
---
rotation_matrix: !!opencv-matrix
   rows: 3
   cols: 3
   dt: d
   data: [ 7.6593961377838499e-02, -9.9369089257183618e-01,
       8.1925424016222187e-02, 9.9706236765313583e-01,
       7.6335749325111474e-02, -6.2839784290722386e-03,
       -9.5064969688404832e-06, 8.2166072041697097e-02,
       9.9661865149858864e-01 ]
rotation_vector: !!opencv-matrix
   rows: 3
   cols: 1
   dt: d
   data: [ 6.6344259062412744e-02, 6.1457424018365875e-02,
       1.4932162200332042e+00 ]
translation_vector: !!opencv-matrix
   rows: 3
   cols: 1
   dt: d
   data: [ -1.9015959618987770e+00, -4.3587267061667809e+01,
       -1.1641055240758653e-01 ]
camera_position: !!opencv-matrix
   rows: 3
   cols: 1
   dt: d
   data: [ 4.3604873357041413e+01, 1.4472331013315023e+00,
       -2.0954627509835568e-03 ]
