%YAML:1.0
---
rotation_matrix: !!opencv-matrix
   rows: 3
   cols: 3
   dt: d
   data: [ 7.6593961377838499e-02, -9.9369089257183618e-01,
       8.1925424016222284e-02, 9.9706236765313583e-01,
       7.6335749325111474e-02, -6.2839784290721276e-03,
       -9.5064969689584444e-06, 8.2166072041697180e-02,
       9.9661865149858864e-01 ]
rotation_vector: !!opencv-matrix
   rows: 3
   cols: 1
   dt: d
   data: [ 6.6344259062412717e-02, 6.1457424018366028e-02,
       1.4932162200332042e+00 ]
translation_vector: !!opencv-matrix
   rows: 3
   cols: 1
   dt: d
   data: [ -1.9015959618987770e+00, -4.3587267061667809e+01,
       -1.1641055240758133e-01 ]
camera_position: !!opencv-matrix
   rows: 3
   cols: 1
   dt: d
   data: [ 4.3604873357041413e+01, 1.4472331013315018e+00,
       -2.0954627509837398e-03 ]
